00000031	4.88097048		XnaGuardian: [IOCTL] [0x4C7F86C8] [I] 03 01 01  [O] 03 01 01 00 FF C5 04 00 00 00 13 00 10 00 00 4E F0 FA FD 88 FB A8 04 00 00 00 00 00 00  	
00000040	4.88311338		XnaGuardian: [IOCTL] [0x4C7F86C8] [I] 01 01 01  [O] 01 01 01 00 00 00 00 00 00 00 13 00 10 00 00 4E F0 FA FD 88 FB A8 04 00 00 00 00 00 00  	
00000049	4.88492060		XnaGuardian: [IOCTL] [0x4C7F86C8] [I] 01 01 02  [O] 01 01 02 00 00 00 00 00 00 00 13 00 10 00 00 4E F0 FA FD 88 FB A8 04 00 00 00 00 00 00  	
00000054	4.88648558		XnaGuardian: [IOCTL] [0x4C7F86C8] [I] 01 01 03  [O] 01 01 03 00 00 00 00 00 00 00 13 00 10 00 00 4E F0 FA FD 88 FB A8 04 00 00 00 00 00 00  	
00000059	4.88884687		XnaGuardian: [IOCTL] [0x4C7F86C8] [I] 03 01 01  [O] 03 01 01 00 FF C5 04 00 00 00 13 00 10 00 00 4E F0 FA FD 88 FB A8 04 00 00 00 00 00 00  	
00000064	5.90474558		XnaGuardian: [IOCTL] [0x4C7F86C8] [I] 01 01 01  [O] 01 01 01 00 00 00 00 00 00 00 00 00 01 F8 FF FF 00 00 00 00 00 00 00 00 00 00 00 00 00  	
----------------------------------------------------------------------------------------------------------------------------------------------------------------------
00000075	82.25318146		XnaGuardian: [IOCTL] [0x4C7F86C8] [I] 03 01 01  [O] 03 01 01 00 FF CB 04 00 00 00 13 00 00 00 00 4E F0 FA FD 88 FB 30 04 00 00 00 00 00 00  	
00000080	82.25472260		XnaGuardian: [IOCTL] [0x4C7F86C8] [I] 03 01 01  [O] 03 01 01 00 FF 02 00 00 00 00 13 00 20 00 00 1E F0 64 FF 4C 02 02 FE 00 00 00 00 00 00  	
00000085	82.25629425		XnaGuardian: [IOCTL] [0x4C7F86C8] [I] 01 01 02  [O] 01 01 02 00 00 00 00 00 00 00 13 00 20 00 00 1E F0 64 FF 4C 02 02 FE 00 00 00 00 00 00  	
00000090	82.25956726		XnaGuardian: [IOCTL] [0x4C7F86C8] [I] 01 01 03  [O] 01 01 03 00 00 00 00 00 00 00 13 00 20 00 00 1E F0 64 FF 4C 02 02 FE 00 00 00 00 00 00  	
00000100	82.26193237		XnaGuardian: [IOCTL] [0x4C7F86C8] [I] 03 01 01  [O] 03 01 01 00 FF CB 04 00 00 00 13 00 00 00 00 4E F0 FA FD 88 FB 30 04 00 00 00 00 00 00  	
00000105	82.26364136		XnaGuardian: [IOCTL] [0x4C7F86C8] [I] 03 01 01  [O] 03 01 01 00 FF 02 00 00 00 00 13 00 20 00 00 1E F0 64 FF 4C 02 02 FE 00 00 00 00 00 00  	
00000110	82.26581573		XnaGuardian: [IOCTL] [0x4C7F86C8] [I] 01 01 02  [O] 01 01 02 00 00 00 00 00 00 00 13 00 20 00 00 1E F0 64 FF 4C 02 02 FE 00 00 00 00 00 00  	
00000115	82.27118683		XnaGuardian: [IOCTL] [0x4C7F86C8] [I] 01 01 03  [O] 01 01 03 00 00 00 00 00 00 00 00 00 00 00 00 00 00 00 00 00 00 00 00 00 00 00 00 00 00  	
00000120	82.27400208		XnaGuardian: [IOCTL] [0x4C7F86C8] [I] 03 01 01  [O] 03 01 01 00 FF CB 04 00 00 00 13 00 00 00 00 4E F0 FA FD 88 FB 30 04 00 00 00 00 00 00  	
00000125	83.28240967		XnaGuardian: [IOCTL] [0x4C7F86C8] [I] 03 01 01  [O] 03 01 01 00 FF 02 00 00 00 00 13 00 20 00 00 1E F0 64 FF 4C 02 02 FE 00 00 00 00 00 00  	
----------------------------------------------------------------------------------------------------------------------------------------------------------------------
00000139	102.23960876	XnaGuardian: [IOCTL] [0x4C7F86C8] [I] 03 01 01  [O] 03 01 01 00 FF CE 04 00 00 00 13 00 10 00 00 4E F0 79 FD 88 FB 30 04 00 00 00 00 00 00  	
00000144	102.24211121	XnaGuardian: [IOCTL] [0x4C7F86C8] [I] 03 01 01  [O] 03 01 01 00 FF 05 00 00 00 00 13 00 20 00 00 1E F0 D8 00 4C 02 02 FE 00 00 00 00 00 00  	
00000149	102.24472809	XnaGuardian: [IOCTL] [0x4C7F86C8] [I] 01 01 02  [O] 01 01 02 00 00 00 00 00 00 00 13 00 20 00 00 1E F0 D8 00 4C 02 02 FE 00 00 00 00 00 00  	
00000154	102.24707031	XnaGuardian: [IOCTL] [0x4C7F86C8] [I] 01 01 03  [O] 01 01 03 00 00 00 00 00 00 00 13 00 20 00 00 1E F0 D8 00 4C 02 02 FE 00 00 00 00 00 00  	
00000164	102.25033569	XnaGuardian: [IOCTL] [0x4C7F86C8] [I] 03 01 01  [O] 03 01 01 00 FF CE 04 00 00 00 13 00 10 00 00 4E F0 79 FD 88 FB 30 04 00 00 00 00 00 00  	
00000169	102.25582886	XnaGuardian: [IOCTL] [0x4C7F86C8] [I] 03 01 01  [O] 03 01 01 00 FF 05 00 00 00 00 13 00 20 00 00 1E F0 D8 00 4C 02 02 FE 00 00 00 00 00 00  	
00000174	102.25822449	XnaGuardian: [IOCTL] [0x4C7F86C8] [I] 01 01 02  [O] 01 01 02 00 00 00 00 00 00 00 13 00 20 00 00 1E F0 D8 00 4C 02 02 FE 00 00 00 00 00 00  	
00000179	102.26144409	XnaGuardian: [IOCTL] [0x4C7F86C8] [I] 01 01 03  [O] 01 01 03 00 00 00 00 00 00 00 13 00 20 00 00 1E F0 D8 00 4C 02 02 FE 00 00 00 00 00 00  	
00000184	102.26431274	XnaGuardian: [IOCTL] [0x4C7F86C8] [I] 03 01 01  [O] 03 01 01 00 FF CE 04 00 00 00 13 00 10 00 00 4E F0 79 FD 88 FB 30 04 00 00 00 00 00 00  	
00000189	103.28257751	XnaGuardian: [IOCTL] [0x4C7F86C8] [I] 03 01 01  [O] 03 01 01 00 FF 05 00 00 00 00 13 00 20 00 00 1E F0 D8 00 4C 02 02 FE 00 00 00 00 00 00  	
----------------------------------------------------------------------------------------------------------------------------------------------------------------------
00000137	26.36759758		XnaGuardian: [IOCTL] [0x4C7F86C8] [I] 03 01 01  [O] 03 01 01 00 FF DE 04 00 00 00 13 00 10 00 00 4E F0 7B FE EC F6 38 FC 00 00 00 00 00 00  	<= Pad #1
00000146	26.36953545		XnaGuardian: [IOCTL] [0x4C7F86C8] [I] 03 01 01  [O] 03 01 01 00 FF 0C 00 00 00 00 13 00 20 00 00 95 F4 F8 FC 4C 02 02 FE 00 00 00 00 00 00  	<= Pad #2
00000155	26.37088966		XnaGuardian: [IOCTL] [0x4C7F86C8] [I] 03 01 01  [O] 03 01 01 00 FF 03 00 00 00 00 13 00 80 00 00 51 E3 24 F7 F8 FD 00 06 00 00 00 00 00 00  	<= Pad #3
00000164	26.37263107		XnaGuardian: [IOCTL] [0x4C7F86C8] [I] 01 01 03  [O] 01 01 03 00 00 00 00 00 00 00 13 00 80 00 00 51 E3 24 F7 F8 FD 00 06 00 00 00 00 00 00  	<= Pad #3
00000169	26.37523270		XnaGuardian: [IOCTL] [0x4C7F86C8] [I] 03 01 01  [O] 03 01 01 00 FF DE 04 00 00 00 13 00 10 00 00 4E F0 7B FE EC F6 38 FC 00 00 00 00 00 00  	<= Pad #1
00000174	27.39362907		XnaGuardian: [IOCTL] [0x4C7F86C8] [I] 03 01 01  [O] 03 01 01 00 FF 0C 00 00 00 00 13 00 20 00 00 95 F4 F8 FC 4C 02 02 FE 00 00 00 00 00 00  	<= Pad #2
